--------------
0.54 0.26 0.2 
0.19 0.53 0.28 
0.22 0.18 0.6 
--------------
--------------
0.5 0.2 0.11 0.19 
0.22 0.28 0.23 0.27 
0.19 0.21 0.15 0.45 
--------------
--------------
0.3 0.2 0.5 
--------------
Number of observations: 100
Converge: True
Number of iterations 66
-A-
--------------
0.704912 0.294878 0.000210852 
0.000664116 0.788174 0.211162 
0.352672 0.00274994 0.644578 
--------------
-B-
--------------
0.585896 4.95157e-09 0.187292 0.226812 
7.49504e-06 0.421783 0.335039 0.24317 
0.000616641 0.583394 0.0713106 0.344679 
--------------
-Pi-
--------------
1 1.82778e-133 7.36541e-96 
--------------
========
Number of observations: 200
Converge: True
Number of iterations 45
-A-
--------------
0.501973 0.127672 0.370355 
0.226197 0.567961 0.205842 
0.127297 0.308413 0.56429 
--------------
-B-
--------------
0.832994 0.00481373 0.155434 0.00675828 
0.00887672 0.644877 0.220612 0.125635 
0.00162676 0.140888 0.254292 0.603193 
--------------
-Pi-
--------------
1 8.60706e-69 5.59788e-71 
--------------
========
Number of observations: 300
Converge: True
Number of iterations 82
-A-
--------------
0.643635 0.103983 0.252382 
0.289155 0.508832 0.202013 
0.0318312 0.453056 0.515113 
--------------
-B-
--------------
0.569211 0.012551 0.217378 0.20086 
0.0762276 0.690869 0.207315 0.0255887 
0.000280301 0.055838 0.292009 0.651873 
--------------
-Pi-
--------------
1 4.95148e-96 2.81287e-157 
--------------
========
Number of observations: 400
Converge: True
Number of iterations 66
-A-
--------------
0.765541 0.00423412 0.230225 
0.117251 0.690216 0.192532 
0.0879907 0.365626 0.546383 
--------------
-B-
--------------
0.601815 0.148682 0.169744 0.0797593 
0.112713 0.49155 0.254815 0.140922 
0.000785274 0.107296 0.246505 0.645413 
--------------
-Pi-
--------------
1 2.07725e-46 2.94888e-91 
--------------
========
Number of observations: 500
Converge: True
Number of iterations 161
-A-
--------------
0.630294 0.000555684 0.36915 
0.139073 0.854426 0.00650165 
0.206014 0.325482 0.468504 
--------------
-B-
--------------
0.69567 0.224108 0.0563763 0.0238451 
0.0251413 0.386608 0.256792 0.331459 
1.95467e-06 0.0724982 0.435255 0.492245 
--------------
-Pi-
--------------
1 7.4116e-174 4.27934e-506 
--------------
========
Number of observations: 600
Converge: True
Number of iterations 17
-A-
--------------
0.701907 0.158986 0.139108 
0.118215 0.604117 0.277668 
0.132986 0.221123 0.645891 
--------------
-B-
--------------
0.706022 0.095038 0.0762726 0.122667 
0.0559674 0.340598 0.379022 0.224413 
0.0354283 0.292113 0.237542 0.434917 
--------------
-Pi-
--------------
1 2.32275e-12 6.01147e-12 
--------------
========
Number of observations: 700
Converge: True
Number of iterations 120
-A-
--------------
0.788152 0.00023523 0.211613 
0.134782 0.862787 0.00243089 
0.0308373 0.373426 0.595737 
--------------
-B-
--------------
0.640103 0.160679 0.0960679 0.10315 
0.063463 0.385308 0.248164 0.303065 
4.36227e-06 0.029496 0.410372 0.560128 
--------------
-Pi-
--------------
1 2.38887e-112 7.39061e-233 
--------------
========
Number of observations: 800
Converge: True
Number of iterations 125
-A-
--------------
0.751551 0.0256518 0.222797 
0.130377 0.862807 0.00681605 
0.0482258 0.330814 0.62096 
--------------
-B-
--------------
0.668246 0.154787 0.0881475 0.0888201 
0.0679764 0.395319 0.271805 0.264899 
2.26e-06 0.0439295 0.369856 0.586212 
--------------
-Pi-
--------------
1 1.37637e-129 5.53411e-282 
--------------
========
Number of observations: 900
Converge: True
Number of iterations 93
-A-
--------------
0.718035 0.0233759 0.258589 
0.126455 0.785907 0.087638 
0.109754 0.329972 0.560273 
--------------
-B-
--------------
0.686829 0.18203 0.0726939 0.0584478 
0.0755127 0.430378 0.278937 0.215173 
0.00115782 0.0301303 0.355666 0.613046 
--------------
-Pi-
--------------
1 2.88954e-94 3.33824e-124 
--------------
========
Number of observations: 1000
Converge: True
Number of iterations 85
-A-
--------------
0.704201 0.0127814 0.283018 
0.105024 0.754068 0.140908 
0.17513 0.287401 0.537469 
--------------
-B-
--------------
0.680399 0.207229 0.085403 0.0269694 
0.0697135 0.453088 0.283639 0.193559 
0.00221937 0.0409676 0.334602 0.622211 
--------------
-Pi-
--------------
1 1.98047e-84 1.0284e-109 
--------------
========
