--------------
0.54 0.26 0.2 
0.19 0.53 0.28 
0.22 0.18 0.6 
--------------
--------------
0.5 0.2 0.11 0.19 
0.22 0.28 0.23 0.27 
0.19 0.21 0.15 0.45 
--------------
--------------
0.3 0.2 0.5 
--------------
Number of observations: 1000
Converge: True
Number of iterations 85
-A-
--------------
0.729095 0.0234953 0.24741 
0.191947 0.597845 0.210208 
0.194903 0.208217 0.59688 
--------------
-B-
--------------
0.57034 0.33443 0.0952045 2.53752e-05 
0.00319064 0.461404 0.391945 0.143461 
0.0159827 0.142197 0.243535 0.598286 
--------------
-Pi-
--------------
2.11023e-75 1 6.02489e-08 
--------------
========
Number of observations: 2000
Converge: True
Number of iterations 89
-A-
--------------
0.719954 0.0352829 0.244763 
0.150585 0.629075 0.22034 
0.109658 0.27382 0.616522 
--------------
-B-
--------------
0.664066 0.230767 0.104882 0.000284559 
0.124071 0.454841 0.303924 0.117164 
0.0431134 0.183207 0.221837 0.551843 
--------------
-Pi-
--------------
4.72684e-65 0.999995 4.52579e-06 
--------------
========
Number of observations: 3000
Converge: True
Number of iterations 100
-A-
--------------
0.711399 0.0426856 0.245915 
0.129615 0.656516 0.213869 
0.0930245 0.288779 0.618197 
--------------
-B-
--------------
0.723745 0.18951 0.0839356 0.0028095 
0.151854 0.44619 0.286277 0.115679 
0.0510304 0.181274 0.213683 0.554012 
--------------
-Pi-
--------------
1.51176e-83 1 1.52672e-10 
--------------
========
Number of observations: 4000
Converge: True
Number of iterations 73
-A-
--------------
0.706848 0.0614741 0.231678 
0.145152 0.674842 0.180007 
0.0789932 0.291924 0.629083 
--------------
-B-
--------------
0.72854 0.184543 0.0723387 0.0145776 
0.119639 0.437041 0.314807 0.128513 
0.0663896 0.172495 0.206005 0.555111 
--------------
-Pi-
--------------
2.92219e-68 1 2.02561e-11 
--------------
========
Number of observations: 5000
Converge: True
Number of iterations 79
-A-
--------------
0.708122 0.0678954 0.223983 
0.135298 0.696875 0.167827 
0.0946357 0.279469 0.625895 
--------------
-B-
--------------
0.702379 0.192066 0.090051 0.0155043 
0.104506 0.435466 0.314814 0.145215 
0.0623527 0.178935 0.18786 0.570853 
--------------
-Pi-
--------------
2.42348e-67 1 3.76554e-17 
--------------
========
Number of observations: 6000
Converge: True
Number of iterations 79
-A-
--------------
0.729353 0.0455533 0.225094 
0.143034 0.680033 0.176933 
0.0971746 0.262677 0.640149 
--------------
-B-
--------------
0.685295 0.190466 0.0995961 0.0246436 
0.0881858 0.455133 0.321005 0.135676 
0.0649356 0.183619 0.185047 0.566399 
--------------
-Pi-
--------------
4.14839e-65 1 6.42978e-19 
--------------
========
Number of observations: 7000
Converge: True
Number of iterations 79
-A-
--------------
0.706843 0.0638536 0.229303 
0.145037 0.686055 0.168908 
0.104847 0.25303 0.642123 
--------------
-B-
--------------
0.704916 0.180541 0.0925001 0.0220426 
0.0868533 0.454352 0.312267 0.146528 
0.0641477 0.178775 0.196813 0.560264 
--------------
-Pi-
--------------
4.19488e-65 1 6.93456e-16 
--------------
========
Number of observations: 8000
Converge: True
Number of iterations 104
-A-
--------------
0.713614 0.046148 0.240238 
0.127904 0.711775 0.160321 
0.12705 0.254994 0.617956 
--------------
-B-
--------------
0.702594 0.180287 0.102816 0.0143025 
0.0960187 0.44312 0.307816 0.153046 
0.0521437 0.173481 0.201681 0.572695 
--------------
-Pi-
--------------
7.4238e-81 1 7.82264e-19 
--------------
========
Number of observations: 9000
Converge: True
Number of iterations 118
-A-
--------------
0.707575 0.0425402 0.249885 
0.120061 0.732552 0.147387 
0.138032 0.257892 0.604077 
--------------
-B-
--------------
0.707334 0.183449 0.102295 0.00692119 
0.102919 0.427865 0.310615 0.158602 
0.0411375 0.176372 0.191933 0.590558 
--------------
-Pi-
--------------
6.90111e-95 1 4.22634e-27 
--------------
========
Number of observations: 10000
Converge: True
Number of iterations 111
-A-
--------------
0.697189 0.0510901 0.251721 
0.127625 0.720678 0.151697 
0.140302 0.253016 0.606682 
--------------
-B-
--------------
0.705081 0.183929 0.102465 0.00852406 
0.090273 0.43269 0.319872 0.157166 
0.0472347 0.173868 0.186062 0.592835 
--------------
-Pi-
--------------
3.08666e-89 1 3.51607e-28 
--------------
========
